0.0 0 0 0 0 0 0 0 0 0 0 0 0 0 0 0 0 0 0
1.0 0 0 0 1 0 2 1 2 2 8 3 4 1 8 4 6 4 0
2.0 0 3 4 5 14 16 24 25 33 34 36 27 38 39 33 17 17 11
3.0 9 15 20 45 50 53 83 87 105 85 97 99 85 93 74 52 34 8
4.0 11 32 55 86 94 109 122 110 137 151 140 146 116 122 99 71 33 13
5.0 8 62 86 108 146 148 120 171 151 168 142 122 124 116 66 53 45 12
6.0 15 53 88 95 106 123 125 132 122 110 92 109 83 67 55 70 23 7
7.0 13 27 64 67 83 78 88 100 69 62 73 68 63 45 37 2. 16 9
8.0 11 32 42 49 59 70 53 57 41 56 62 45 36 37 33 22 5 2
9.0 5 12 24 32 36 41 47 27 38 39 29 29 41 13 17 6 15 3
10.0 2 11 20 32 30 23 25 24 21 17 23 26 23 8 8 5 3 3
11.0 2 11 15 20 24 22 15 17 20 14 14 16 12 4 9 4 2 0
12.0 1 5 9 14 14 19 14 11 20 10 9 8 8 1 6 6 1 0
13.0 0 6 5 3 8 14 11 5 5 5 8 4 4 4 4 2 4 0
14.0 1 4 4 6 12 3 5 4 6 5 2 3 6 0 2 2 0 0  
15.0 0 2 4 3 3 4 1 2 4 1 3 6 1 2 2 1 0 1 
16.0 0 2 2 4 0 1 3 1 1 2 1 2 1 1 0 1 0 0  
17.0 1 1 0 0 0 2 3 2 0 2 2 0 0 1 1 1 0 0
18.0 0 1 2 1 1 0 1 1 0 0 0 0 0 0 0 0 0 0    
19.0 0 0 0 1 1 0 0 1 0 0 0 0 1 0 0 0 0 0   
20.0 0 0 1 0 2 0 0 0 0 0 0 0 0 0 0 0 0 0
21.0 0 0 0 0 0 0 1 0 0 0 0 0 0 0 0 0 0 0
22.0 0 0 0 0 0 0 0 0 1 0 0 0 0 0 0 0 0 0
23.0 0 0 0 0 0 1 0 0 0 0 0 0 1 0 0 0 0 0
24.0 0 1 0 0 0 0 0 0 0 0 0 0 0 0 0 0 0 0
26.0 0 0 1 0 0 0 0 0 0 0 0 0 0 0 0 0 0 0
27.0 0 0 0 0 0 0 0 0 0 0 0 0 0 0 0 0 0 0
